 alloc done
 NSETP =          358
 -7.534684543480520E-015
 -2.596140818291320E-012
 -2.284437274204239E-012
 -2.362179590101015E-012
  1.558167476448516E-011
  5.176798996770662E-012
  6.594658742597718E-015
 -4.186662129953833E-012
  1.852536195011062E-012
 -2.122734272239893E-012
 -8.795633118270726E-013
 -2.023435773675769E-011
  1.770040373612445E-014
 -3.521211714175575E-012
 -1.534584756982770E-012
  2.792105536016665E-012
 -4.520656306432030E-011
  2.514170766610716E-012
  4.014616215050478E-012
  8.491408167543320E-011
  1.045270158496166E-011
 -1.061813643604759E-011
  6.036081637793880E-011
  1.942593213021736E-011
  5.012621436718966E-013
  1.153129616876661E-013
 -8.740631345693598E-015
 -3.707778099806778E-014
  2.303856351620691E-011
  9.021462180879800E-013
 -2.603361964220366E-010
  3.539947863894050E-010
  6.222882869435272E-011
  4.231169952933686E-011
  2.128436747402259E-010
 -1.009520374434057E-009
 -2.425450947537289E-010
 -6.640918445620892E-010
 -2.429541520060406E-010
  3.358766478403285E-011
 -2.704359323107819E-010
 -2.318859502244837E-009
  8.218476136257893E-011
  1.011924344381730E-008
  7.093719537553495E-009
 -4.228830765258581E-008
  1.484941646594287E-009
 -4.247333988653082E-008
  3.727963200637472E-015
  1.037268080019212E-012
 -1.621246997851360E-013
  8.026985411787017E-014
  4.637706519891177E-012
  5.218821542320685E-013
  8.216979419888846E-019
  1.389876184734730E-010
 -3.131491014878057E-006
  0.000000000000000E+000
  4.440892098500626E-016
 -1.419028912691012E-003
  4.440892098500626E-016
 -6.017670437569710E-002
 -7.305761156527921E-002
  2.255491587704261E-004
  0.209948869300290     
  2.220446049250313E-016
  4.771498865408939E-003
  9.798279115838567E-002
  3.332693044940657E-002
  7.998444531633751E-003
  0.382335421768433     
  5.695518234063684E-003
  7.434259599806225E-003
 -8.067599551844190E-003
 -7.475757434656864E-003
  1.463558351731919E-003
 -7.664059473314211E-003
 -0.139406272974246     
 -8.052173793477670E-003
 -1.176036482124129E-002
  1.056908833898246E-002
 -2.346593789345794E-003
 -1.024354683539776E-002
 -1.973945384372133E-002
  1.125694862145344E-003
  4.440892098500626E-016
 -5.241181526181584E-003
  1.217549237992894E-002
  1.193488294716973E-002
 -0.400817604280215     
  4.247269676227785E-002
  1.391314702490797E-002
 -4.440892098500626E-016
 -1.435901070266738E-002
 -2.178187847128890E-002
 -2.461212816968312E-003
  2.220446049250313E-016
  1.279101564837341E-002
 -4.440892098500626E-016
 -0.481221167996762     
 -1.112097135783265E-002
 -0.149849999999999     
  2.858661226360297E-002
 -3.589741576761806E-002
 -2.332907676213428E-002
  5.628464550495640E-003
  4.440892098500626E-016
  0.152681301034073     
  7.880792146965895E-003
  1.037429675001353E-002
 -7.328638523071544E-003
  1.565421943714479E-002
  1.841644215732501E-002
  2.931027807763905E-003
 -1.436665778434399E-003
  0.000000000000000E+000
 -7.407061556272807E-003
 -3.938316020131516E-002
 -4.325567163235893E-003
  1.642164037575958E-002
  5.585634524401357E-003
  0.225143259802840     
  7.938620997410632E-002
  7.184190834638754E-002
 -9.405839454448681E-003
  2.496331975626486E-002
  8.881784197001252E-016
  5.993039907559449E-002
  0.104767769828704     
  1.744287197166169E-002
  8.327477897425035E-002
  4.870000000000152E-002
 -1.568480312072286E-002
  2.220446049250313E-016
  1.569012673674120E-002
  0.599616978440012     
 -3.059115930041357E-002
  1.282812608397973E-002
  0.198002306684292     
  2.924281105592904E-002
  1.591349031170115E-002
  1.570730570652432E-003
  5.633013485189387E-002
  2.490393856349916E-003
  9.496404839588392E-003
  2.654850017906891E-002
  2.019988168224103E-002
  1.233313692272856E-002
  6.468566269242434E-004
  0.225005315065271     
  1.026721141046592E-003
  2.849551009238589E-002
 -6.451826931218778E-002
 -0.155631909971860     
  8.090049450926168E-002
  -1.17145812259696     
  2.189997772425195E-002
  3.330669073875470E-016
 -3.824127470867097E-002
  4.440892098500626E-016
  6.019043278182401E-002
  2.220446049250313E-016
  4.440892098500626E-016
  4.440892098500626E-016
  2.267321968784730E-002
  1.776356839400250E-015
 -0.175305356138261     
  0.739119639001214     
 -0.112160089474061     
  8.881784197001252E-016
  8.510027438965556E-003
  5.037645144027478E-004
 -1.018403204438934E-002
  0.413936998852338     
 -0.156822584039686     
  8.881784197001252E-016
  4.440892098500626E-016
  6.673682957725868E-004
  1.317613386034249E-002
 -1.656261354213206E-002
  9.919903118148693E-003
 -1.690156334748469E-003
 -2.634194218059028E-002
 -6.863223582583046E-003
  6.875732412703674E-003
  2.755847960288733E-002
  0.121740671714179     
 -1.047680707327641E-003
  6.745485717826020E-003
  1.113391170074727E-002
  1.531067927933017E-002
  5.975843632095763E-003
  2.707902982124914E-002
 -0.412143991553051     
  2.814518899212329E-003
 -2.842513963327022E-002
  2.837093873335625E-003
  7.423583336617062E-002
  4.489376364061252E-004
  2.004111734390935E-003
  1.965352441618209E-002
  4.420549202448954E-002
  0.310627252225524     
 -2.408153290178348E-003
 -2.363139775762684E-003
  2.590164517078332E-002
  8.881784197001252E-016
  6.728006891868416E-004
 -1.110223024625157E-016
 -9.971657129079866E-005
  4.098005047569631E-002
  0.255921860794896     
  2.990080838260918E-002
  8.909978741687837E-003
  5.286907846787721E-003
  8.472104495906761E-003
  6.699586818734725E-002
 -6.221477231815634E-002
  3.748020766855333E-003
  9.811370540663096E-003
  4.335295791382113E-003
  1.118858942469637E-002
  0.128353294123109     
  1.353335183056487E-002
 -2.526717625105770E-002
 -0.218248840215602     
  4.186701409771562E-002
  0.121480467730141     
  6.369647624039327E-004
  1.851493957850093E-002
  4.301300112227515E-004
  2.815485837419759E-002
  2.831817912912609E-002
 -2.687599853408930E-003
 -0.272926354181780     
  7.043468644049301E-003
  0.108187293774931     
 -8.140014159807512E-003
  9.344210166764863E-003
  0.119726159457165     
  1.140389429235013E-002
  0.187199975858112     
 -0.198818456208000     
  4.384529194572388E-002
  0.540360000000000     
  3.498452047229385E-003
  1.376296212438002E-002
  5.912538408057219E-003
  8.881784197001252E-016
  8.085638141997124E-004
  3.081058585315306E-002
  2.573127122596922E-002
  7.585999999999959E-002
  8.518496158897507E-002
  2.562395951108670E-003
  2.220446049250313E-016
  1.173677497532807E-002
  0.269910000000000     
  8.729487829544288E-003
  3.588275624622001E-005
  9.489463413208152E-003
  2.492910567304827E-003
  8.102982369318615E-002
 -2.745214992619256E-002
  4.440892098500626E-016
  1.527237150889083E-002
  3.561854904909688E-002
  5.212660824231245E-003
  2.861821371863315E-002
  4.440892098500626E-016
  2.867898376215123E-002
  1.896947168418302E-003
 -1.110223024625157E-016
 -5.854300701871973E-002
  3.330418565759946E-002
 -4.670042174963148E-003
  0.199086287796046     
 -1.239979701937201E-002
  1.693706233844059E-002
  1.286886544147204E-003
  0.000000000000000E+000
  4.440892098500626E-016
  2.773913942457763E-002
 -2.354459436541041E-002
 -5.801191743873398E-002
  3.417332148100274E-002
  8.881784197001252E-016
  1.362796082546054E-002
  5.658421443486265E-003
  7.566875373336629E-003
  2.205262719167319E-003
  3.620830087526363E-002
 -0.600450000000000     
  7.476988956467706E-002
  2.220446049250313E-016
  0.143214959036807     
  8.355497389703012E-002
 -6.224547999548329E-003
  1.304535856295465E-002
  2.347539291326908E-002
 -1.872420755337677E-002
  3.407900579319151E-002
 -0.106322319723186     
  6.746326705906188E-003
  6.840821027983961E-003
  5.040962074255144E-002
  2.100749156266326E-003
 -0.133685016767602     
  1.967507289149246E-002
  2.350522700589383E-002
  3.666532061241424E-002
 -4.320813367550439E-003
  0.277350783917114     
  2.999545808032560E-003
  1.420422854903631E-002
  8.936351247888782E-002
  0.132385424336361     
  2.812897286471566E-003
  8.881784197001252E-016
 -3.120590317068245E-002
  4.009160407658558E-004
  4.582757565399535E-003
  0.141461172507972     
 -4.440892098500626E-016
  1.110223024625157E-016
  3.635674408706132E-003
  3.330669073875470E-016
  1.046323512772877E-003
 -0.180311891456839     
  0.107466798311371     
  1.542455077434557E-002
 -9.616398352718802E-003
  2.814798893996484E-002
  0.000000000000000E+000
  8.086519732390680E-002
  0.126444307472528     
  0.000000000000000E+000
  0.105130000000000     
 -1.276074165093251E-002
 -0.119907407069733     
  0.115045732303105     
  1.508954724827192E-002
  2.995293392124081E-003
 -4.440892098500626E-016
  0.188655268864381     
 -4.301930804372709E-002
  0.000000000000000E+000
  4.440892098500626E-016
 -3.671252979248221E-002
  1.345352341215881E-002
  0.131436487462472     
 -0.243273341082149     
  1.114078903623016E-002
  1.608536755295708E-002
  3.695214498696384E-002
  8.472771868735300E-002
 -0.300199156464132     
  2.070271997712194E-002
 -1.350636985253375E-003
  7.178711057835721E-003
  2.536664690675181E-003
 -1.047427754160738E-002
  5.023055233776844E-003
  0.301630424846004     
  1.977657687719150E-002
 -2.262725776481228E-002
  3.248440525436070E-004
  0.249047198325739     
  5.233146093676845E-003
  3.846085462115111E-002
  2.220446049250313E-016
  3.773483286103763E-003
  6.247407055920489E-004
 -5.352819194152481E-003
  2.102174793783809E-002
  2.634213912404342E-003
  0.000000000000000E+000
  1.687916968789196E-002
  2.317400492284500E-004
  8.428179116828324E-003
  0.000000000000000E+000
 -0.148740173018760     
 -2.496341020868972E-003
  1.304834620960140E-003
 -3.914674973941559E-003
  6.099406914565948E-003
  4.514775286764239E-003
  7.180336380402021E-002
  5.671938370427884E-003
  2.907562132887819E-003
  5.911615553543707E-002
  1.690000000000635E-003
  3.513550223952840E-002
  1.046451831593427E-002
  1.872447555818082E-002
 -2.091134004677270E-003
  4.440892098500626E-016
  4.531805134440235E-003
 -2.018422783476369E-003
  2.610816372858892E-003
  1.110223024625157E-016
  5.125927416061628E-012
 -5.558364495839124E-012
 -2.351559374348077E-012
  1.475490165222016E-011
 -6.442657362736283E-010
  3.452063262018882E-009
 -2.112649319760241E-012
  1.686032746646769E-012
  5.960409785820558E-012
  1.431642909647192E-011
 -7.217472095368949E-012
